1 54.5216
2 19.812
3 9.5386
4 5.3772
5 3.382
6 2.2578
7 1.644
8 1.1804
9 0.903
10 0.7098
11 0.557
12 0.4406
13 0.3602
14 0.3132
15 0.258
16 0.2042
17 0.19
18 0.169
19 0.138
20 0.1282
21 0.1014
22 0.0976
23 0.0908
24 0.0848
25 0.0728
26 0.0684
27 0.0624
28 0.0516
29 0.0498
30 0.0478
31 0.0436
32 0.0398
33 0.0358
34 0.0348
35 0.0318
36 0.0298
37 0.0276
38 0.0268
39 0.0232
40 0.0194
41 0.0178
42 0.0176
43 0.017
44 0.0168
45 0.014
46 0.0138
47 0.0138
48 0.0134
49 0.013
50 0.0126
51 0.0118
52 0.0104
53 0.01
54 0.0094
55 0.009
56 0.009
57 0.0086
58 0.0084
59 0.008
60 0.008
61 0.0078
62 0.0076
63 0.0076
64 0.0074
65 0.0074
66 0.0072
67 0.0072
68 0.0072
69 0.0072
70 0.007
71 0.0068
72 0.0068
73 0.0068
74 0.0068
75 0.0068
76 0.0068
77 0.0068
78 0.0068
79 0.0068
80 0.0068
81 0.0068
82 0.0066
83 0.0066
84 0.0066
85 0.0066
86 0.0066
87 0.0066
88 0.0064
89 0.0064
90 0.0064
91 0.0064
92 0.0062
93 0.0062
94 0.0062
95 0.0062
96 0.0062
97 0.006
98 0.006
99 0.006
